0.9
0.9666666666666667
0.7
0.8333333333333334
0.8611111111111112
0.8333333333333334
0.8148148148148148
0.7962962962962963
0.8611111111111112
0.9722222222222222
0.6666666666666666
0.6666666666666666
0.7777777777777778
0.8518518518518519
0.6666666666666666
0.7222222222222222
0.75
0.7916666666666666
0.8333333333333334
0.9166666666666666
0.6944444444444444
0.6388888888888888
0.6666666666666666
0.6666666666666666
0.8541666666666666
0.7708333333333334
0.7222222222222222
0.6388888888888888
0.8
0.7666666666666667
0.6666666666666666
0.6666666666666666
0.8333333333333334
0.7777777777777778
0.7777777777777778
0.6944444444444444
0.5666666666666667
0.5666666666666667
0.7291666666666666
0.6458333333333334
