0.9
0.9
0.6333333333333333
0.7333333333333333
0.8333333333333334
0.75
0.8148148148148148
0.7222222222222222
0.8611111111111112
0.9722222222222222
0.5833333333333334
0.625
0.8148148148148148
0.8148148148148148
0.5555555555555556
0.7222222222222222
0.6666666666666666
0.75
0.7777777777777778
0.8888888888888888
0.6666666666666666
0.5555555555555556
0.5833333333333334
0.375
0.8541666666666666
0.75
0.7777777777777778
0.5833333333333334
0.8
0.7666666666666667
0.6666666666666666
0.6388888888888888
0.7407407407407407
0.7962962962962963
0.75
0.6666666666666666
0.5333333333333333
0.6
0.7083333333333334
0.625
