1.0
0.9
1.0
0.9
0.8
0.9
0.9
1.0
0.7
0.9
0.8
1.0
1.0
0.9
0.9
0.8
1.0
0.7
0.7
0.8
0.9166666666666666
0.9166666666666666
0.8333333333333334
0.6666666666666666
0.6666666666666666
0.8333333333333334
0.6666666666666666
0.6666666666666666
0.8333333333333334
0.6666666666666666
0.7777777777777778
0.7777777777777778
0.8333333333333334
0.7777777777777778
0.7222222222222222
0.9444444444444444
0.8333333333333334
0.7222222222222222
0.7777777777777778
0.7222222222222222
0.9166666666666666
0.9166666666666666
0.9166666666666666
0.9166666666666666
0.8333333333333334
0.9166666666666666
0.9166666666666666
0.8333333333333334
0.9166666666666666
0.9166666666666666
0.75
0.625
0.875
0.875
0.625
0.625
0.75
0.875
0.5
0.75
1.0
0.7777777777777778
0.7777777777777778
0.8888888888888888
0.5555555555555556
1.0
0.7777777777777778
1.0
1.0
0.6666666666666666
0.6666666666666666
0.3333333333333333
0.8333333333333334
0.5
0.5
0.8333333333333334
0.5
0.6666666666666666
0.16666666666666666
0.5
1.0
0.5
0.875
1.0
0.875
0.875
1.0
1.0
0.75
1.0
0.8333333333333334
0.8333333333333334
0.75
0.8333333333333334
0.9166666666666666
0.9166666666666666
0.9166666666666666
0.9166666666666666
0.8333333333333334
0.9166666666666666
0.5833333333333334
0.75
0.5833333333333334
0.5833333333333334
0.5833333333333334
0.3333333333333333
0.6666666666666666
0.5833333333333334
0.5
0.3333333333333333
0.375
0.625
0.5
0.375
0.375
0.625
0.375
0.625
0.25
0.625
1.0
0.9375
1.0
0.9375
1.0
1.0
1.0
0.9375
0.9375
1.0
0.5
0.8333333333333334
0.75
0.9166666666666666
0.6666666666666666
0.5833333333333334
0.5833333333333334
0.4166666666666667
0.4166666666666667
0.6666666666666666
1.0
1.0
0.9
1.0
1.0
0.9
0.9
0.9
1.0
1.0
0.9166666666666666
1.0
0.75
0.6666666666666666
0.9166666666666666
0.75
0.8333333333333334
0.8333333333333334
0.8333333333333334
0.75
0.9444444444444444
1.0
1.0
0.9444444444444444
0.8888888888888888
0.8333333333333334
0.9444444444444444
0.9444444444444444
1.0
1.0
1.0
0.9166666666666666
0.9166666666666666
0.9166666666666666
0.9166666666666666
0.9166666666666666
0.9166666666666666
0.75
1.0
0.6666666666666666
0.5
0.5
0.5
0.5
0.6
0.4
0.5
0.7
0.5
0.5
0.9375
0.9375
1.0
0.9375
1.0
0.875
1.0
0.875
1.0
0.9375
