0.9333333333333333
0.9333333333333333
0.7333333333333333
0.8666666666666667
0.9444444444444444
0.8055555555555556
0.8333333333333334
0.8518518518518519
0.8888888888888888
0.9444444444444444
0.6666666666666666
0.625
0.7777777777777778
0.8888888888888888
0.6666666666666666
0.8333333333333334
0.7916666666666666
0.7916666666666666
0.8333333333333334
0.9722222222222222
0.7222222222222222
0.6111111111111112
0.625
0.625
0.8541666666666666
0.8125
0.6111111111111112
0.6388888888888888
0.8
0.8
0.6666666666666666
0.6666666666666666
0.8333333333333334
0.7592592592592593
0.8055555555555556
0.6944444444444444
0.6
0.5666666666666667
0.7708333333333334
0.625
