0 0 24
0 1 24
0 0 24
0 1 24
0 5 24
0 2 26
0 0 26
0 2 26
0 0 26
0 2 26
0 7 30
0 4 30
0 3 30
0 6 30
0 4 30
0 2 28
0 1 28
0 6 28
1 0 28
1 6 28
0 2 30
0 3 31
0 0 30
0 0 30
2 1 30
0 3 30
1 4 30
0 4 30
0 2 30
2 2 30
0 2 46
0 1 46
0 1 46
0 2 46
0 1 46
0 4 46
0 1 46
0 1 46
0 9 48
0 4 46
0 0 24
0 0 24
0 0 24
0 1 24
0 0 24
0 0 20
0 0 20
0 0 20
0 0 20
0 0 20
1 3 16
1 3 16
0 6 16
1 7 16
1 2 16
2 6 17
1 5 17
1 4 17
1 7 17
0 6 17
0 3 18
0 1 18
0 3 18
0 2 19
1 2 18
0 3 19
0 4 19
0 4 19
0 2 19
0 5 19
0 1 11
0 0 11
0 0 11
0 1 11
0 0 11
0 1 13
0 0 13
0 1 13
0 0 13
0 1 13
0 8 18
0 4 18
1 4 18
0 2 18
0 5 18
1 5 19
0 5 19
1 5 19
1 0 19
0 2 19
1 6 24
0 3 24
0 7 24
0 4 24
0 3 24
0 1 20
0 1 20
0 1 20
0 0 20
0 0 20
0 0 29
0 0 29
0 0 29
0 0 29
0 0 29
0 2 25
0 3 25
0 5 25
0 4 25
0 2 25
0 5 17
0 2 17
0 3 17
0 5 17
0 2 17
2 9 18
0 5 18
2 9 18
0 3 18
0 4 18
0 3 36
1 1 36
0 0 36
0 0 36
0 4 36
0 3 35
0 2 35
0 4 35
0 3 35
0 7 35
0 1 29
0 4 29
0 1 29
1 4 29
0 5 29
0 1 24
1 2 24
0 1 24
0 3 24
0 3 24
0 0 22
0 0 22
0 3 22
0 0 22
0 2 22
0 3 24
1 4 24
0 1 24
0 1 24
2 8 25
0 4 29
0 5 29
0 4 29
0 4 29
0 4 29
0 5 25
0 4 25
0 4 25
0 3 25
0 4 25
0 4 52
0 11 52
0 5 52
0 8 52
0 10 52
0 2 42
0 5 42
0 4 42
0 3 42
0 4 42
0 3 30
0 4 30
0 3 30
0 4 30
0 4 30
0 4 28
0 4 28
0 5 28
0 3 28
0 6 28
0 2 27
0 5 27
0 2 27
0 2 27
0 5 27
0 1 24
0 2 24
0 1 24
0 1 24
0 1 24
0 7 47
0 4 47
0 3 47
0 5 47
0 4 47
0 12 39
0 7 39
7 3 27
0 6 39
0 6 39
