0.9666666666666667
0.9666666666666667
0.7666666666666667
0.8666666666666667
0.8611111111111112
0.8055555555555556
0.7962962962962963
0.8703703703703703
0.8333333333333334
0.9722222222222222
0.75
0.5833333333333334
0.7407407407407407
0.8148148148148148
0.6111111111111112
0.6666666666666666
0.8333333333333334
0.7083333333333334
0.7777777777777778
0.9444444444444444
0.6388888888888888
0.5277777777777778
0.5833333333333334
0.625
0.8333333333333334
0.8125
0.6944444444444444
0.6388888888888888
0.8
0.8
0.6111111111111112
0.5833333333333334
0.8148148148148148
0.7592592592592593
0.8055555555555556
0.6944444444444444
0.5
0.5333333333333333
0.7708333333333334
0.6666666666666666
