0 0 0 0 0 2   10 20
0 1 0 0 0 2   10 20
0 0 0 0 0 3   10 20
0 0 0 0 1 4   10 20
1 0 0 0 1 4   10 20
0 1 0 0 0 4   10 20
0 1 0 0 0 2   10 20
0 0 0 0 0 3   10 20
1 1 0 0 1 2   10 20
0 0 0 0 1 4   10 20
1 0 0 0 1 10   10 20
0 0 0 0 0 11   10 20
0 0 0 0 0 8   10 20
0 1 0 0 0 10   10 20
1 0 0 0 0 11   10 20
0 1 0 0 1 6   10 20
0 0 0 0 0 4   10 20
0 2 0 0 1 8   10 20
0 2 0 0 1 4   10 20
1 0 0 0 1 10   10 20
0 0 0 0 1 5   12 24
0 1 0 0 0 6   12 24
0 0 0 0 1 3   12 24
0 1 0 0 3 3   12 24
1 1 0 0 1 4   12 24
0 1 0 0 1 6   12 24
0 2 0 0 2 6   12 24
0 1 0 0 3 5   12 24
0 2 0 0 0 6   12 24
0 3 0 0 1 6   12 24
0 3 0 0 1 7   18 36
0 2 0 0 2 7   18 36
0 2 0 0 1 5   18 36
0 3 0 0 1 7   18 36
0 1 0 0 4 4   18 36
0 0 0 0 1 11   18 36
0 3 0 0 0 6   18 36
0 2 0 0 2 7   18 36
0 3 0 0 1 14   18 36
0 2 0 0 3 10   18 36
0 0 0 0 1 4   12 24
0 0 0 1 0 5   12 24
0 1 0 0 0 2   12 24
0 1 0 0 0 5   12 24
0 2 0 0 0 4   12 24
0 1 0 0 0 1   12 24
0 1 0 0 0 0   12 24
0 2 0 0 0 2   12 24
0 1 0 0 0 0   12 24
0 1 0 0 0 1   12 24
0 1 0 0 1 4   8 16
0 0 1 0 2 3   8 16
0 0 0 0 1 7   8 16
0 1 0 0 0 7   8 16
0 2 0 0 1 2   8 16
0 2 0 0 1 9   8 16
1 0 0 0 1 9   8 16
1 0 0 0 0 8   8 16
0 1 0 0 2 6   8 16
0 2 0 0 0 9   8 16
0 0 0 0 0 6   9 18
0 0 0 0 2 5   9 18
0 0 0 0 2 4   9 18
0 1 0 0 0 6   9 18
0 1 1 0 2 4   9 18
0 0 0 0 0 7   9 18
0 2 0 0 0 8   9 18
0 0 0 0 0 6   9 18
0 0 0 0 0 5   9 18
0 1 0 0 1 5   9 18
0 0 0 0 2 4   6 12
0 0 1 0 2 2   6 12
0 0 0 0 1 2   6 12
0 0 0 0 2 2   6 12
0 2 0 0 1 2   6 12
0 0 0 0 1 2   6 12
1 0 0 0 2 2   6 12
0 1 0 0 1 3   6 12
0 2 0 0 2 1   6 12
0 1 0 0 1 3   6 12
0 0 0 0 0 9   8 16
0 1 0 0 2 1   8 16
0 0 0 0 1 7   8 16
0 0 0 0 0 6   8 16
1 0 0 0 0 7   8 16
0 0 0 0 1 6   8 16
0 0 0 0 0 10   8 16
0 0 0 0 0 10   8 16
0 1 0 0 1 5   8 16
0 0 0 0 0 7   8 16
0 1 0 0 1 6   12 24
0 0 1 0 1 5   12 24
0 2 0 0 1 8   12 24
0 1 0 0 1 7   12 24
0 0 0 0 1 5   12 24
0 1 0 0 0 2   12 24
0 1 0 0 0 4   12 24
0 1 0 0 0 2   12 24
0 1 0 0 1 2   12 24
0 1 0 0 0 3   12 24
0 2 0 0 3 4   12 24
1 2 0 0 0 8   12 24
0 1 0 0 3 6   12 24
0 2 0 0 2 6   12 24
0 1 0 0 3 6   12 24
0 1 0 0 5 4   12 24
0 1 0 0 2 7   12 24
0 2 0 0 2 10   12 24
0 2 0 1 2 9   12 24
0 1 0 0 5 4   12 24
0 1 2 0 2 4   8 16
0 2 0 0 1 5   8 16
0 1 0 0 2 1   8 16
0 1 2 0 2 4   8 16
0 2 0 0 2 2   8 16
0 0 0 0 2 8   8 16
0 2 0 0 2 6   8 16
0 0 0 0 2 8   8 16
0 2 0 1 2 4   8 16
1 1 0 0 1 6   8 16
0 0 0 0 0 11   16 32
0 1 0 0 0 9   16 32
0 0 0 0 0 8   16 32
0 0 0 0 1 6   16 32
0 0 0 0 0 8   16 32
0 0 0 0 0 11   16 32
0 0 0 0 0 11   16 32
0 1 0 0 0 11   16 32
0 1 0 0 0 11   16 32
0 0 0 0 0 16   16 32
1 3 0 0 2 7   12 24
0 2 0 0 0 10   12 24
1 2 0 0 0 8   12 24
0 0 0 0 1 6   12 24
1 2 0 0 1 6   12 24
1 2 1 0 1 6   12 24
0 4 0 1 0 8   12 24
1 3 1 0 2 7   12 24
0 1 2 1 3 8   12 24
0 2 0 0 2 7   12 24
0 0 0 0 0 6   10 20
0 0 0 0 0 6   10 20
0 1 0 0 0 5   10 20
0 0 0 0 0 6   10 20
0 0 0 0 0 7   10 20
0 1 0 0 0 6   10 20
0 1 0 0 0 7   10 20
0 1 0 0 0 7   10 20
0 0 0 0 0 6   10 20
0 0 0 0 0 8   10 20
0 1 0 0 0 14   12 24
0 0 0 0 0 16   12 24
0 3 0 0 0 14   12 24
0 2 0 0 2 11   12 24
0 1 0 0 0 13   12 24
0 1 0 0 1 8   12 24
0 0 0 0 1 6   12 24
0 0 0 0 1 7   12 24
0 0 0 0 1 7   12 24
0 1 0 0 1 7   12 24
0 0 0 0 1 13   18 36
0 0 0 0 0 21   18 36
0 0 0 0 0 14   18 36
0 0 0 0 1 13   18 36
0 2 0 0 0 19   18 36
0 0 1 0 2 8   18 36
0 0 0 0 1 11   18 36
0 0 0 0 1 9   18 36
0 0 0 0 0 13   18 36
0 0 0 0 0 13   18 36
0 0 0 0 0 9   12 24
1 0 0 0 0 10   12 24
1 0 0 0 0 8   12 24
0 0 0 0 1 8   12 24
0 1 0 0 0 9   12 24
0 1 0 0 0 10   12 24
0 1 0 0 0 11   12 24
1 1 0 0 1 10   12 24
0 0 0 0 0 9   12 24
3 1 0 0 0 12   12 24
0 2 0 0 2 6   10 20
0 2 0 0 2 4   10 20
0 3 0 0 1 6   10 20
0 2 1 0 1 7   10 20
0 2 0 0 1 7   10 20
0 3 0 0 2 4   10 20
0 2 0 0 2 3   10 20
0 1 0 0 1 4   10 20
0 2 0 0 2 4   10 20
0 3 0 0 2 3   10 20
0 1 0 0 0 15   16 32
0 0 0 0 1 9   16 32
0 0 0 0 0 12   16 32
0 0 0 0 1 12   16 32
0 0 0 0 0 12   16 32
0 1 0 0 1 19   16 32
0 0 0 0 0 16   16 32
0 0 0 0 1 16   16 32
0 0 0 0 0 16   16 32
0 0 0 0 1 13   16 32
