0 0 0 0 0 1   10 20
0 0 0 0 0 1   10 20
0 0 0 0 0 7   10 20
0 0 0 0 0 4   10 20
0 1 0 0 0 4   12 24
0 2 0 0 0 5   12 24
0 3 0 0 1 5   18 36
0 1 0 0 0 6   18 36
0 1 0 0 0 5   12 24
0 1 0 0 0 0   12 24
0 1 0 0 0 5   8 16
0 1 0 0 0 9   8 16
0 0 0 0 1 6   9 18
0 0 0 0 0 5   9 18
0 0 0 0 1 4   6 12
0 1 0 0 1 2   6 12
0 0 0 0 0 4   8 16
0 0 0 0 0 7   8 16
0 0 0 0 1 5   12 24
0 1 0 0 0 1   12 24
0 2 0 0 0 11   12 24
0 2 0 0 2 6   12 24
0 1 1 0 1 5   8 16
0 1 0 0 1 5   8 16
0 0 0 0 0 8   16 32
0 0 0 0 0 9   16 32
1 2 0 0 0 8   12 24
1 2 1 0 0 9   12 24
0 0 0 0 0 6   10 20
0 1 0 0 0 5   10 20
0 0 0 0 0 14   12 24
0 0 0 0 1 6   12 24
0 0 0 0 0 10   18 36
0 0 0 0 0 13   18 36
0 0 0 0 0 7   12 24
0 1 0 0 0 10   12 24
0 3 0 0 1 6   10 20
0 2 0 0 1 6   10 20
0 0 0 0 0 11   16 32
0 0 0 0 0 16   16 32
