1.0
0.9583333333333334
1.0
0.9583333333333334
0.7916666666666666
0.9230769230769231
1.0
0.9230769230769231
1.0
0.9230769230769231
0.7666666666666667
0.8666666666666667
0.9
0.8
0.8666666666666667
0.9285714285714286
0.9642857142857143
0.7857142857142857
1.0
0.7857142857142857
0.9333333333333333
0.9032258064516129
1.0
1.0
0.9666666666666667
0.9
0.8666666666666667
0.8666666666666667
0.9333333333333333
0.9333333333333333
0.9565217391304348
0.9782608695652174
0.9782608695652174
0.9565217391304348
0.9782608695652174
0.9130434782608695
0.9782608695652174
0.9782608695652174
0.8125
0.9130434782608695
1.0
1.0
1.0
0.9583333333333334
1.0
1.0
1.0
1.0
1.0
1.0
0.8125
0.8125
0.625
0.5625
0.875
0.6470588235294118
0.7058823529411765
0.7647058823529411
0.5882352941176471
0.6470588235294118
0.8333333333333334
0.9444444444444444
0.8333333333333334
0.8947368421052632
0.8888888888888888
0.8421052631578947
0.7894736842105263
0.7894736842105263
0.8947368421052632
0.7368421052631579
0.9090909090909091
1.0
1.0
0.9090909090909091
1.0
0.9230769230769231
1.0
0.9230769230769231
1.0
0.9230769230769231
0.5555555555555556
0.7777777777777778
0.7777777777777778
0.8888888888888888
0.7222222222222222
0.7368421052631579
0.7368421052631579
0.7368421052631579
1.0
0.8947368421052632
0.75
0.875
0.7083333333333334
0.8333333333333334
0.875
0.95
0.95
0.95
1.0
1.0
1.0
1.0
1.0
1.0
1.0
0.92
0.88
0.8
0.84
0.92
0.7058823529411765
0.8823529411764706
0.8235294117647058
0.7058823529411765
0.8823529411764706
0.5
0.7222222222222222
0.5
0.8333333333333334
0.7777777777777778
0.9166666666666666
0.9722222222222222
1.0
1.0
0.8888888888888888
0.9142857142857143
0.9428571428571428
0.8857142857142857
0.9142857142857143
0.8
0.9655172413793104
0.8620689655172413
0.9655172413793104
0.8620689655172413
0.8275862068965517
0.9583333333333334
0.9166666666666666
0.9583333333333334
0.875
0.875
1.0
1.0
0.8636363636363636
1.0
0.9090909090909091
0.875
0.8333333333333334
0.9583333333333334
0.9583333333333334
0.68
0.8620689655172413
0.8275862068965517
0.8620689655172413
0.8620689655172413
0.8620689655172413
0.8
0.84
0.84
0.88
0.84
0.9230769230769231
0.7884615384615384
0.9038461538461539
0.8461538461538461
0.8076923076923077
0.9523809523809523
0.8809523809523809
0.9047619047619048
0.9285714285714286
0.9047619047619048
0.9
0.8666666666666667
0.9
0.8666666666666667
0.8666666666666667
0.8571428571428571
0.8571428571428571
0.8214285714285714
0.8928571428571429
0.7857142857142857
0.9259259259259259
0.8148148148148148
0.9259259259259259
0.9259259259259259
0.8148148148148148
0.9583333333333334
0.9166666666666666
0.9583333333333334
0.9583333333333334
0.9583333333333334
0.851063829787234
0.9148936170212766
0.9361702127659575
0.8936170212765957
0.9148936170212766
0.6923076923076923
0.8205128205128205
0.8888888888888888
0.8461538461538461
0.8461538461538461
