0.9
0.9
0.85
0.7
0.7
0.8
0.9
0.85
0.8
0.7
0.4
0.45
0.6
0.5
0.45
0.6
0.8
0.5
0.7
0.4
0.7083333333333334
0.75
0.7083333333333334
0.625
0.6666666666666666
0.6666666666666666
0.5833333333333334
0.625
0.75
0.6666666666666666
0.75
0.6944444444444444
0.8055555555555556
0.75
0.6666666666666666
0.6388888888888888
0.8333333333333334
0.6388888888888888
0.5555555555555556
0.5555555555555556
0.6666666666666666
0.7916666666666666
0.9166666666666666
0.7916666666666666
0.8333333333333334
0.9583333333333334
1.0
0.9166666666666666
1.0
0.9583333333333334
0.625
0.5625
0.4375
0.5625
0.75
0.3125
0.3125
0.5
0.25
0.4375
0.6666666666666666
0.6111111111111112
0.6666666666666666
0.6666666666666666
0.5555555555555556
0.6111111111111112
0.5555555555555556
0.6666666666666666
0.7222222222222222
0.3888888888888889
0.3333333333333333
0.3333333333333333
0.6666666666666666
0.3333333333333333
0.6666666666666666
0.6666666666666666
0.5
0.5833333333333334
0.4166666666666667
0.4166666666666667
0.4375
0.5625
0.4375
0.625
0.5625
0.375
0.375
0.375
0.4375
0.5625
0.6666666666666666
0.7083333333333334
0.5833333333333334
0.625
0.7083333333333334
0.9166666666666666
0.8333333333333334
0.9166666666666666
0.8333333333333334
0.875
0.5
0.6666666666666666
0.4166666666666667
0.5
0.4166666666666667
0.16666666666666666
0.4583333333333333
0.3333333333333333
0.375
0.16666666666666666
0.5
0.5625
0.5625
0.5
0.5
0.125
0.25
0.125
0.375
0.5
0.65625
0.71875
0.75
0.75
0.75
0.65625
0.65625
0.65625
0.65625
0.5
0.625
0.5833333333333334
0.6666666666666666
0.5833333333333334
0.5833333333333334
0.6666666666666666
0.6666666666666666
0.5416666666666666
0.5
0.625
0.7
0.7
0.75
0.7
0.65
0.7
0.65
0.65
0.7
0.6
0.4166666666666667
0.3333333333333333
0.4166666666666667
0.4583333333333333
0.4583333333333333
0.4166666666666667
0.5
0.4583333333333333
0.4583333333333333
0.4583333333333333
0.5277777777777778
0.4166666666666667
0.6111111111111112
0.4722222222222222
0.4722222222222222
0.5555555555555556
0.5277777777777778
0.5833333333333334
0.6388888888888888
0.6388888888888888
0.625
0.5833333333333334
0.6666666666666666
0.5833333333333334
0.625
0.5833333333333334
0.5416666666666666
0.5
0.625
0.5
0.4
0.5
0.5
0.45
0.45
0.5
0.55
0.6
0.5
0.55
0.53125
0.59375
0.625
0.5
0.625
0.34375
0.5
0.375
0.5
0.46875
