0.9333333333333333
0.9
0.9
0.7666666666666667
0.7333333333333333
0.8333333333333334
0.9
0.9
0.7666666666666667
0.7666666666666667
0.5333333333333333
0.6333333333333333
0.7333333333333333
0.6333333333333333
0.6
0.6666666666666666
0.8666666666666667
0.5666666666666667
0.7
0.5333333333333333
0.7777777777777778
0.8055555555555556
0.75
0.6388888888888888
0.6666666666666666
0.7222222222222222
0.6111111111111112
0.6388888888888888
0.7777777777777778
0.6666666666666666
0.7592592592592593
0.7222222222222222
0.8148148148148148
0.7592592592592593
0.6851851851851852
0.7407407407407407
0.8333333333333334
0.6666666666666666
0.6296296296296297
0.6111111111111112
0.7222222222222222
0.8333333333333334
0.9166666666666666
0.8333333333333334
0.8333333333333334
0.9444444444444444
0.9722222222222222
0.8888888888888888
0.9722222222222222
0.9444444444444444
0.6666666666666666
0.5833333333333334
0.5833333333333334
0.6666666666666666
0.7083333333333334
0.4166666666666667
0.4583333333333333
0.625
0.3333333333333333
0.5416666666666666
0.7777777777777778
0.6666666666666666
0.7037037037037037
0.7407407407407407
0.5555555555555556
0.7407407407407407
0.6296296296296297
0.7777777777777778
0.8148148148148148
0.4444444444444444
0.4444444444444444
0.3333333333333333
0.7222222222222222
0.3888888888888889
0.6111111111111112
0.7222222222222222
0.5
0.6111111111111112
0.3333333333333333
0.4444444444444444
0.625
0.5416666666666666
0.5833333333333334
0.75
0.6666666666666666
0.5
0.5833333333333334
0.5833333333333334
0.5
0.7083333333333334
0.7222222222222222
0.75
0.6388888888888888
0.6944444444444444
0.7777777777777778
0.9166666666666666
0.8611111111111112
0.9166666666666666
0.8333333333333334
0.8888888888888888
0.5
0.6944444444444444
0.4722222222222222
0.5277777777777778
0.4722222222222222
0.19444444444444445
0.5277777777777778
0.4166666666666667
0.4166666666666667
0.19444444444444445
0.4583333333333333
0.5833333333333334
0.5416666666666666
0.4583333333333333
0.4583333333333333
0.2916666666666667
0.2916666666666667
0.2916666666666667
0.3333333333333333
0.5416666666666666
0.7708333333333334
0.7916666666666666
0.8333333333333334
0.8125
0.8333333333333334
0.7708333333333334
0.7708333333333334
0.75
0.75
0.6666666666666666
0.5833333333333334
0.6666666666666666
0.6944444444444444
0.6666666666666666
0.5833333333333334
0.6388888888888888
0.6388888888888888
0.5
0.4722222222222222
0.6388888888888888
0.8
0.8
0.8
0.8
0.7666666666666667
0.7666666666666667
0.7333333333333333
0.7333333333333333
0.8
0.7333333333333333
0.5833333333333334
0.5555555555555556
0.5277777777777778
0.5277777777777778
0.6111111111111112
0.5
0.5833333333333334
0.5555555555555556
0.5555555555555556
0.5277777777777778
0.6481481481481481
0.6111111111111112
0.7407407407407407
0.5925925925925926
0.6111111111111112
0.6111111111111112
0.6296296296296297
0.6666666666666666
0.7592592592592593
0.7592592592592593
0.75
0.6944444444444444
0.75
0.6944444444444444
0.7222222222222222
0.6944444444444444
0.6666666666666666
0.5833333333333334
0.75
0.5555555555555556
0.43333333333333335
0.5
0.5
0.4666666666666667
0.5
0.4666666666666667
0.5333333333333333
0.6333333333333333
0.5
0.5
0.6666666666666666
0.6875
0.75
0.625
0.75
0.5208333333333334
0.6666666666666666
0.5416666666666666
0.6666666666666666
0.6041666666666666
