0.9
0.8666666666666667
0.6
0.6666666666666666
0.7777777777777778
0.7777777777777778
0.7222222222222222
0.7407407407407407
0.8611111111111112
0.9722222222222222
0.6666666666666666
0.625
0.7407407407407407
0.8148148148148148
0.6666666666666666
0.6666666666666666
0.7916666666666666
0.6666666666666666
0.7777777777777778
0.9166666666666666
0.6944444444444444
0.5833333333333334
0.6666666666666666
0.625
0.7916666666666666
0.75
0.6666666666666666
0.6388888888888888
0.8
0.7333333333333333
0.6666666666666666
0.6111111111111112
0.7222222222222222
0.7222222222222222
0.7222222222222222
0.6666666666666666
0.5666666666666667
0.6
0.6666666666666666
0.625
